Chr	tW	tP	Tajima	nSites
HG992177.1	38.021060	35.655030	-0.220267	176
HG992178.1	59.623935	52.110727	-0.449048	276
HG992179.1	54.007187	47.783052	-0.410181	250
HG992180.1	41.693549	38.196466	-0.297373	193
HG992181.1	58.327762	52.788363	-0.338345	270
HG992182.1	54.223216	49.316094	-0.322116	251
HG992183.1	42.557664	39.028698	-0.294092	197
HG992184.1	39.317232	35.690312	-0.326719	182
HG992185.1	44.501922	36.775740	-0.616190	206
HG992186.1	38.453117	32.634236	-0.535738	178
HG992187.1	51.846900	44.904630	-0.476309	240
HG992188.1	43.205750	41.004165	-0.180765	200
HG992189.1	31.324169	28.261229	-0.344747	145
HG992190.1	40.181347	37.321615	-0.252167	186
HG992191.1	53.575130	47.382593	-0.411346	248
HG992192.1	30.460054	28.734302	-0.199625	141
HG992193.1	35.428715	31.916086	-0.350464	164
HG992194.1	36.292830	32.973681	-0.323428	168
HG992195.1	38.021060	34.183550	-0.357256	176
HG992196.1	31.108140	27.629782	-0.394162	144
HG992197.1	42.557664	35.404875	-0.596089	197
HG992198.1	32.620341	32.815765	0.021141	151
HG992199.1	41.693549	37.469969	-0.359150	193
HG992200.1	33.700485	29.370352	-0.453723	156
HG992201.1	25.707421	25.294197	-0.056398	119
HG992202.1	44.717951	36.811218	-0.627592	207
HG992203.1	27.435651	23.966867	-0.444360	127
HG992204.1	18.794501	17.033629	-0.325519	87
HG992205.1	22.466990	20.587378	-0.292402	104
HG992206.1	23.115076	19.622517	-0.528540	10
